VZU Chern;ВЗУ Чернь;c:\Отчетность по работе станций\ВЗУ Чернь;..\reports\vzu_chern;vzu_chern;;;
\n№\n\n\n\n;\nДата/время\n\n\n\n;\nРасход на входе, м3\n\n\n;\nРасход на промыв., м3\n\n;\nРасход на выходе 1, м3\n\n;\nРасход на выходе 2, м3\n\n;\nРасход энергии, КВтч\n\n;
000;   0000.00.00   ;00000000.0;00000000.0;00000000.0;00000000.0;000000000.0;
1;2024.07.01;0.0;0.0;0.0;0.0;0.0;
2;2024.07.02;0.0;0.0;0.0;0.0;0.0;
3;2024.07.03;0.0;0.0;0.0;0.0;0.0;
4;2024.07.04;0.0;0.0;0.0;0.0;0.0;
5;2024.07.05;0.0;0.0;0.0;0.0;0.0;
6;2024.07.06;0.0;0.0;0.0;0.0;0.0;
7;2024.07.07;0.0;0.0;0.0;0.0;0.0;
8;2024.07.08;0.0;0.0;0.0;0.0;0.0;
9;2024.07.09;0.0;0.0;0.0;0.0;0.0;
10;2024.07.10;0.0;0.0;0.0;0.0;0.0;
11;2024.07.11;0.0;0.0;0.0;0.0;0.0;
12;2024.07.12;0.0;0.0;0.0;0.0;0.0;
13;2024.07.13;0.0;0.0;0.0;0.0;0.0;
14;2024.07.14;0.0;0.0;0.0;0.0;0.0;
15;2024.07.15;0.0;0.0;0.0;0.0;0.0;
16;2024.07.16;0.0;0.0;0.0;0.0;0.0;
17;2024.07.17;0.0;0.0;0.0;0.0;0.0;
18;2024.07.18;0.0;0.0;0.0;0.0;0.0;
19;2024.07.19;0.0;0.0;0.0;0.0;0.0;
20;2024.07.20;0.0;0.0;0.0;0.0;0.0;
21;2024.07.21;0.0;0.0;0.0;0.0;0.0;
22;2024.07.22;0.0;0.0;0.0;0.0;0.0;
23;2024.07.23;0.0;0.0;0.0;0.0;0.0;
24;2024.07.24;0.0;0.0;0.0;0.0;0.0;
25;2024.07.25;0.0;0.0;0.0;0.0;0.0;
26;2024.07.26;0.0;0.0;0.0;0.0;0.0;
27;2024.07.27;0.0;0.0;0.0;0.0;0.0;
28;2024.07.28;0.0;0.0;0.0;0.0;0.0;
29;2024.07.29;0.0;0.0;0.0;0.0;0.0;
30;2024.07.30;0.0;0.0;0.0;0.0;0.0;
31;2024.07.31;1155.3;0.0;1211.2;0.0;748.0;
;Итог за месяц:;1155.3;0.0;1211.2;0.0;748.0;
